version https://git-lfs.github.com/spec/v1
oid sha256:93e986cfa4b772fb2e0611d0214fb9c5d29661552b87c2a35f5fa1433a59169c
size 73141785
